6157
6152
6135
6134
6131
6119
6112
6111
6095
6092
6091
6077
6072
6071
6069
6068
6052
6050
6048
6047
6054
6041
6049
6039
6038
6036
6034
6033
6032
6023
6018
6017
6011
6007
6005
6004
6002
5987
5967
5968
5956
5816
5791
5786
5777
5776
5773
5774
5770
5762
5758
5725
5700
5658
5625
5613
5568
5569
5567
5564
5560
5562
5555
5549
5544
5498
5495
5487
5467
5431
5430
5429
5426
5423
5422
5418
5415
5377
5378
5375
5376
5373
5368
5366
5364
5361
5360
5358
5357
5359
5353
5350
5347
5344
5343
5341
5330
5329
5325
5322
5321
5317
5289
5280
5274
5243
5241
5242
5238
5239
5230
5228
5226
5214
5212
5210
5208
5206
5203
5205
5201
5200
5197
5168
5161
5157
5153
5132
5127
5126
5113
5111
5076
5070
5064
5054
5024
5012
4977
4967
4966
4965
4961
4958
4956
4955
4954
4953
4952
4950
4949
4947
4948
4945
4941
4942
4943
4940
4939
4935
4936
4934
344
254
573
598
354
282
4932
4931
4930
4929
4926
4928
4925
4923
4916
4917
4915
4913
4914
4911
4909
4908
4902
4904
4899
4895
4897
4892
4890
4889
4887
4888
4885
4884
4882
4880
4877
4875
4874
4876
4872
4873
4870
4869
4868
4867
4866
4865
4860
4859
4858
4855
4856
4854
4853
4851
4852
4850
4849
4848
4847
4844
4842
4843
4840
4838
4839
4837
4836
4835
4833
4828
4827
4825
4823
4824
4820
4819
4821
4813
4812
4814
4810
4811
4808
4806
4805
4802
4800
4799
4794
4791
4785
4782
4780
4779
4777
4776
4773
4772
4769
4766
4761
4756
4758
4753
4751
4750
4749
4747
4746
4744
4742
4741
4740
4737
4735
4733
4723
4718
4717
4710
4690
4687
4683
4682
4681
4679
4675
4669
4667
4668
4665
4664
4662
4660
4656
4651
4650
4645
4631
4630
4623
4621
4618
4602
4594
4589
4576
4554
4552
4547
4546
4544
4540
4538
4532
4522
4521
4509
4496
4495
4494
4490
4493
4488
4487
4481
4473
4472
4471
4470
4467
4463
4460
4461
4456
4454
4453
4452
4451
4450
4449
4439
4436
4433
4431
4425
4419
4421
4418
4417
4416
4412
4404
4396
4394
4393
4386
4384
4385
4373
4369
4368
4363
4358
4351
4350
4349
4346
4345
4342
4344
4343
4341
4338
4334
4331
4328
4321
4318
4313
4306
4302
4301
4300
4297
4281
4267
4261
4244
4241
4232
4231
4227
4226
4224
4222
4219
4217
4214
4204
4198
4188
4182
4183
4178
4180
4163
4151
4150
4147
4144
4131
4129
4113
4104
4096
4067
4052
4047
3971
3938
3874
3847
3822
3804
3803
3793
3784
3772
3769
3765
3762
3741
3739
3713
3711
3690
3649
3650
3639
3638
3628
3626
3613
3606
3598
3593
3584
3555
3550
3549
3546
3545
3531
3526
3521
3523
3514
3506
3505
3501
3500
3502
3490
3489
3483
3482
3480
3478
3468
3467
3460
3453
3452
3442
3441
3439
3437
3431
3429
3420
3419
3418
3415
3414
3413
3409
3408
3407
3402
3403
3400
3399
3393
3392
3390
3389
3387
3385
3383
3382
3378
3370
3366
3365
3364
3354
3342
3343
3339
3335
3320
3316
3315
3310
3299
3298
3290
3292
3284
3278
3277
3276
3269
3265
3257
3239
3238
3235
3233
3230
3228
3227
3223
3225
3224
3222
3219
3218
3215
3211
3210
3212
3205
3204
3202
3201
3193
3191
3190
3188
3185
3184
3182
3186
3180
3178
3177
3175
3169
3168
3163
3161
3160
3159
3156
3155
3154
3151
3145
3142
3140
3134
3132
3131
3130
3124
3122
3121
3120
3119
3117
3115
3114
3113
3112
3111
3109
3104
3098
3096
3095
3094
3090
3089
3086
3084
3080
3078
3075
3073
3072
3071
3069
3066
3068
3063
3060
3053
3054
3050
3049
3041
3040
3032
3035
3033
3029
3027
3021
3022
3023
3015
3013
3011
3008
3006
3009
3005
3004
3003
3002
3000
2998
2999
2996
2995
2994
2990
2987
2985
2984
2982
2979
2976
2977
2978
2974
2971
2970
2972
2968
2963
2962
2959
2958
2955
2956
2954
2952
2951
2950
2948
2947
2946
2945
2943
2942
2941
2940
2937
2936
2935
2934
2933
2930
2928
2926
2927
2924
2923
2925
2922
2921
2918
2919
2913
2914
2910
2905
2902
2900
2903
2894
2892
2882
2883
2870
2866
2862
2860
2861
2858
2855
2856
2854
2846
2843
2841
2834
2813
2789
2786
2784
2776
2774
2772
2771
2766
2764
2751
2740
2714
2711
2708
2703
2700
2698
2696
2695
2694
2691
2682
2681
2676
2673
2672
2659
2655
2653
2652
2649
2647
2637
2634
2632
2629
2628
2625
2621
2616
2612
2194
2193
2187
2188
2161
2158
2159
2153
2154
2601
2585
2578
2579
2570
2564
2566
2567
2563
2561
2559
2554
2537
2532
2504
2505
2503
2483
2484
2477
2475
2474
2469
2465
2463
2454
2450
2449
2444
2440
2430
2429
2427
2423
2421
2419
2418
2416
2415
2413
2407
2409
2399
2391
2394
2387
2383
2384
2380
2382
2379
2376
2378
2377
2372
2370
2374
2368
2367
2365
2363
2361
2360
2358
2354
2351
2347
2346
2345
2344
2341
2339
2336
2315
2300
2297
2291
2289
2290
2280
2277
2278
2276
2268
2253
2251
2219
2212
2209
2210
2206
2202
2182
2173
2152
2146
2145
2142
2140
2139
2135
2134
2132
2112
2114
2110
2103
2101
2096
2095
2093
2089
2088
2087
2085
2077
2076
2072
2067
2061
2055
2054
2047
2050
2045
2040
2036
2033
2032
2027
2025
2026
2024
2015
2011
2010
2009
2008
2004
2002
2003
2000
2001
1999
1998
1996
1994
1992
1993
1985
1984
1982
1981
1980
1979
1976
1975
1974
1972
1966
1965
1963
1953
1954
1952
1948
1947
1944
1941
1938
1936
1935
1934
1933
1932
1930
1924
1925
1920
1918
1916
1911
1912
1910
1909
1908
1903
1906
1907
1902
1900
1896
1895
1894
1893
1892
1890
1885
1886
1878
1880
1875
1873
1874
1870
1867
1864
1863
1865
1859
1856
1855
1853
1844
1843
1842
1839
1840
1836
1835
1833
1832
1829
1825
1822
1821
1820
1817
1819
1814
1812
1813
1811
1810
1805
1804
1802
1801
1800
1798
1797
1795
1793
1792
1789
1787
1786
1782
1778
1776
1775
1773
1766
1763
1765
1758
1757
1756
1754
1752
1746
1742
1744
1727
1730
1723
1724
1721
1716
1711
1710
1707
1703
1700
1698
1696
1697